-0.0662574373212 -0.036115152923
-0.0494126357776 0.0757610856175
0.00974258667482 -0.00447742784163
0.0127662291794 0.160344244417
0.0166245225032 -0.10039496484
0.0203479675964 -0.0390504176532
0.034370710541 0.0358676977896
-0.0249416398023 -0.00819052201315
0.0862199052535 0.0207456105345
0.044141244233 0.111243102214
-0.0912185667961 0.0670287881638
-0.074105761647 0.151815202512
0.0747036441647 -0.129331980773
0.0514827323333 0.108013307767
-0.00965614642935 -0.00725425946156
0.0560454622657 -0.0424378516522
0.0351303838893 -0.0571531106123
-0.0400018923798 -0.0427408438701
0.112145408156 0.100004413097
-0.132208849265 -0.023208330206
0.110086353163 0.0706735070066
0.0652393668469 0.0904284997277
0.0432239311246 -0.142628457585
-0.0600302759062 0.0966168696443
0.0222463989845 -0.0105708287938
-0.0285562096237 0.0578625503124
0.00278573242132 -0.0998174525902
-0.201715548532 0.0979547968332
-0.0828937926668 0.0694931523222
0.0924291786794 0.0807409857425
0.540613024757 0.410977827683
0.329740396864 0.529583596066
0.532151298454 0.368001962224
0.653144637303 0.52335871303
0.670007143945 0.655423727581
0.524835922302 0.343728349771
0.394130858577 0.58897835881
0.294941166249 0.570615360866
0.61420720057 0.646843707569
0.657011960745 0.539300983928
0.593171326014 0.428389260069
0.437564915777 0.615753415066
0.475689180666 0.652131626855
0.52194965325 0.708263679257
0.506146084167 0.470119957952
0.376938825376 0.617878987965
0.344046024459 0.512658447044
0.510630003709 0.58096500968
0.639740052241 0.637995109627
0.462534697299 0.528958251036
0.429908389104 0.49089070091
0.565030403144 0.315033551576
0.420702543278 0.448102733374
0.454684499211 0.666560619548
0.388726694379 0.453805338412
0.481581795752 0.623957650534
0.388149452205 0.507538782322
0.586987504715 0.553509423988
0.480560183455 0.517384000956
0.466477249913 0.409494707548
1.00719310276 0.835102017753
1.06772420563 0.864995310594
0.893376581323 0.815417092323
0.887549346038 1.06138288036
0.974368024806 0.936795829275
1.0195728602 1.02153726064
0.883738142691 0.963378588417
1.23815398591 1.08117542284
0.998119342967 1.01553217167
0.638058263812 0.993979971231
0.993322509429 1.13360631296
1.06213585811 0.950543574323
0.991292694104 0.796453413183
0.834439692453 0.910750064476
1.21456746592 1.04018044853
0.949073852257 1.09031312256
0.857525943554 0.894639931081
1.08002688134 1.05519837944
1.04906533913 1.13624565891
0.994042641368 0.915864975827
1.03192842634 0.922150709775
1.05536187534 0.936049092187
1.02992628932 1.06776924798
1.14914163851 0.961502101416
1.09184051675 0.888955226844
1.11902053336 1.09984418418
0.909574734168 1.12889303038
1.14658746343 1.11852959967
1.16303764508 1.0327720925
1.12098822505 1.05781256645
